{
 "cells": [
  {
   "cell_type": "code",
   "execution_count": 1,
   "id": "a76972c3",
   "metadata": {},
   "outputs": [],
   "source": [
    "import pandas as pd\n",
    "import numpy as np\n",
    "import matplotlib.pyplot as plt\n",
    "import seaborn as sns"
   ]
  },
  {
   "cell_type": "code",
   "execution_count": 2,
   "id": "a566ff82",
   "metadata": {},
   "outputs": [],
   "source": [
    "df = pd.read_excel(\"real_estate_withheaders.xls\")"
   ]
  },
  {
   "cell_type": "code",
   "execution_count": 3,
   "id": "8c48d335",
   "metadata": {},
   "outputs": [
    {
     "data": {
      "text/html": [
       "<div>\n",
       "<style scoped>\n",
       "    .dataframe tbody tr th:only-of-type {\n",
       "        vertical-align: middle;\n",
       "    }\n",
       "\n",
       "    .dataframe tbody tr th {\n",
       "        vertical-align: top;\n",
       "    }\n",
       "\n",
       "    .dataframe thead th {\n",
       "        text-align: right;\n",
       "    }\n",
       "</style>\n",
       "<table border=\"1\" class=\"dataframe\">\n",
       "  <thead>\n",
       "    <tr style=\"text-align: right;\">\n",
       "      <th></th>\n",
       "      <th>id</th>\n",
       "      <th>date</th>\n",
       "      <th>bedrooms</th>\n",
       "      <th>bathrooms</th>\n",
       "      <th>sqft_living</th>\n",
       "      <th>sqft_lot</th>\n",
       "      <th>floors</th>\n",
       "      <th>waterfront</th>\n",
       "      <th>view</th>\n",
       "      <th>condition</th>\n",
       "      <th>...</th>\n",
       "      <th>sqft_above</th>\n",
       "      <th>sqft_basement</th>\n",
       "      <th>yr_built</th>\n",
       "      <th>yr_renovated</th>\n",
       "      <th>zipcode</th>\n",
       "      <th>lat</th>\n",
       "      <th>long</th>\n",
       "      <th>sqft_living15</th>\n",
       "      <th>sqft_lot15</th>\n",
       "      <th>price</th>\n",
       "    </tr>\n",
       "  </thead>\n",
       "  <tbody>\n",
       "    <tr>\n",
       "      <th>0</th>\n",
       "      <td>7129300520</td>\n",
       "      <td>2014-10-13</td>\n",
       "      <td>3</td>\n",
       "      <td>1.00</td>\n",
       "      <td>1180</td>\n",
       "      <td>5650</td>\n",
       "      <td>1.0</td>\n",
       "      <td>0</td>\n",
       "      <td>0</td>\n",
       "      <td>3</td>\n",
       "      <td>...</td>\n",
       "      <td>1180</td>\n",
       "      <td>0</td>\n",
       "      <td>1955</td>\n",
       "      <td>0</td>\n",
       "      <td>98178</td>\n",
       "      <td>47.5112</td>\n",
       "      <td>-122.257</td>\n",
       "      <td>1340</td>\n",
       "      <td>5650</td>\n",
       "      <td>221900</td>\n",
       "    </tr>\n",
       "    <tr>\n",
       "      <th>1</th>\n",
       "      <td>6414100192</td>\n",
       "      <td>2014-12-09</td>\n",
       "      <td>3</td>\n",
       "      <td>2.25</td>\n",
       "      <td>2570</td>\n",
       "      <td>7242</td>\n",
       "      <td>2.0</td>\n",
       "      <td>0</td>\n",
       "      <td>0</td>\n",
       "      <td>3</td>\n",
       "      <td>...</td>\n",
       "      <td>2170</td>\n",
       "      <td>400</td>\n",
       "      <td>1951</td>\n",
       "      <td>1991</td>\n",
       "      <td>98125</td>\n",
       "      <td>47.7210</td>\n",
       "      <td>-122.319</td>\n",
       "      <td>1690</td>\n",
       "      <td>7639</td>\n",
       "      <td>538000</td>\n",
       "    </tr>\n",
       "    <tr>\n",
       "      <th>2</th>\n",
       "      <td>5631500400</td>\n",
       "      <td>2015-02-25</td>\n",
       "      <td>2</td>\n",
       "      <td>1.00</td>\n",
       "      <td>770</td>\n",
       "      <td>10000</td>\n",
       "      <td>1.0</td>\n",
       "      <td>0</td>\n",
       "      <td>0</td>\n",
       "      <td>3</td>\n",
       "      <td>...</td>\n",
       "      <td>770</td>\n",
       "      <td>0</td>\n",
       "      <td>1933</td>\n",
       "      <td>0</td>\n",
       "      <td>98028</td>\n",
       "      <td>47.7379</td>\n",
       "      <td>-122.233</td>\n",
       "      <td>2720</td>\n",
       "      <td>8062</td>\n",
       "      <td>180000</td>\n",
       "    </tr>\n",
       "    <tr>\n",
       "      <th>3</th>\n",
       "      <td>2487200875</td>\n",
       "      <td>2014-12-09</td>\n",
       "      <td>4</td>\n",
       "      <td>3.00</td>\n",
       "      <td>1960</td>\n",
       "      <td>5000</td>\n",
       "      <td>1.0</td>\n",
       "      <td>0</td>\n",
       "      <td>0</td>\n",
       "      <td>5</td>\n",
       "      <td>...</td>\n",
       "      <td>1050</td>\n",
       "      <td>910</td>\n",
       "      <td>1965</td>\n",
       "      <td>0</td>\n",
       "      <td>98136</td>\n",
       "      <td>47.5208</td>\n",
       "      <td>-122.393</td>\n",
       "      <td>1360</td>\n",
       "      <td>5000</td>\n",
       "      <td>604000</td>\n",
       "    </tr>\n",
       "    <tr>\n",
       "      <th>4</th>\n",
       "      <td>1954400510</td>\n",
       "      <td>2015-02-18</td>\n",
       "      <td>3</td>\n",
       "      <td>2.00</td>\n",
       "      <td>1680</td>\n",
       "      <td>8080</td>\n",
       "      <td>1.0</td>\n",
       "      <td>0</td>\n",
       "      <td>0</td>\n",
       "      <td>3</td>\n",
       "      <td>...</td>\n",
       "      <td>1680</td>\n",
       "      <td>0</td>\n",
       "      <td>1987</td>\n",
       "      <td>0</td>\n",
       "      <td>98074</td>\n",
       "      <td>47.6168</td>\n",
       "      <td>-122.045</td>\n",
       "      <td>1800</td>\n",
       "      <td>7503</td>\n",
       "      <td>510000</td>\n",
       "    </tr>\n",
       "  </tbody>\n",
       "</table>\n",
       "<p>5 rows × 21 columns</p>\n",
       "</div>"
      ],
      "text/plain": [
       "           id       date  bedrooms  bathrooms  sqft_living  sqft_lot  floors  \\\n",
       "0  7129300520 2014-10-13         3       1.00         1180      5650     1.0   \n",
       "1  6414100192 2014-12-09         3       2.25         2570      7242     2.0   \n",
       "2  5631500400 2015-02-25         2       1.00          770     10000     1.0   \n",
       "3  2487200875 2014-12-09         4       3.00         1960      5000     1.0   \n",
       "4  1954400510 2015-02-18         3       2.00         1680      8080     1.0   \n",
       "\n",
       "   waterfront  view  condition  ...  sqft_above  sqft_basement  yr_built  \\\n",
       "0           0     0          3  ...        1180              0      1955   \n",
       "1           0     0          3  ...        2170            400      1951   \n",
       "2           0     0          3  ...         770              0      1933   \n",
       "3           0     0          5  ...        1050            910      1965   \n",
       "4           0     0          3  ...        1680              0      1987   \n",
       "\n",
       "   yr_renovated  zipcode      lat     long  sqft_living15  sqft_lot15   price  \n",
       "0             0    98178  47.5112 -122.257           1340        5650  221900  \n",
       "1          1991    98125  47.7210 -122.319           1690        7639  538000  \n",
       "2             0    98028  47.7379 -122.233           2720        8062  180000  \n",
       "3             0    98136  47.5208 -122.393           1360        5000  604000  \n",
       "4             0    98074  47.6168 -122.045           1800        7503  510000  \n",
       "\n",
       "[5 rows x 21 columns]"
      ]
     },
     "execution_count": 3,
     "metadata": {},
     "output_type": "execute_result"
    }
   ],
   "source": [
    "df.head()"
   ]
  },
  {
   "cell_type": "code",
   "execution_count": 4,
   "id": "74a7d0f3",
   "metadata": {},
   "outputs": [],
   "source": [
    "#creating a correlation matrix with absolute values\n",
    "corr_matrix = df.corr().abs()"
   ]
  },
  {
   "cell_type": "code",
   "execution_count": 5,
   "id": "c10b7e13",
   "metadata": {},
   "outputs": [
    {
     "data": {
      "text/html": [
       "<div>\n",
       "<style scoped>\n",
       "    .dataframe tbody tr th:only-of-type {\n",
       "        vertical-align: middle;\n",
       "    }\n",
       "\n",
       "    .dataframe tbody tr th {\n",
       "        vertical-align: top;\n",
       "    }\n",
       "\n",
       "    .dataframe thead th {\n",
       "        text-align: right;\n",
       "    }\n",
       "</style>\n",
       "<table border=\"1\" class=\"dataframe\">\n",
       "  <thead>\n",
       "    <tr style=\"text-align: right;\">\n",
       "      <th></th>\n",
       "      <th>id</th>\n",
       "      <th>bedrooms</th>\n",
       "      <th>bathrooms</th>\n",
       "      <th>sqft_living</th>\n",
       "      <th>sqft_lot</th>\n",
       "      <th>floors</th>\n",
       "      <th>waterfront</th>\n",
       "      <th>view</th>\n",
       "      <th>condition</th>\n",
       "      <th>grade</th>\n",
       "      <th>sqft_above</th>\n",
       "      <th>sqft_basement</th>\n",
       "      <th>yr_built</th>\n",
       "      <th>yr_renovated</th>\n",
       "      <th>zipcode</th>\n",
       "      <th>lat</th>\n",
       "      <th>long</th>\n",
       "      <th>sqft_living15</th>\n",
       "      <th>sqft_lot15</th>\n",
       "      <th>price</th>\n",
       "    </tr>\n",
       "  </thead>\n",
       "  <tbody>\n",
       "    <tr>\n",
       "      <th>id</th>\n",
       "      <td>1.000000</td>\n",
       "      <td>0.001150</td>\n",
       "      <td>0.005162</td>\n",
       "      <td>0.012241</td>\n",
       "      <td>0.131911</td>\n",
       "      <td>0.018608</td>\n",
       "      <td>0.002727</td>\n",
       "      <td>0.011536</td>\n",
       "      <td>0.023803</td>\n",
       "      <td>0.008188</td>\n",
       "      <td>0.010799</td>\n",
       "      <td>0.005193</td>\n",
       "      <td>0.021617</td>\n",
       "      <td>0.016925</td>\n",
       "      <td>0.008211</td>\n",
       "      <td>0.001798</td>\n",
       "      <td>0.020672</td>\n",
       "      <td>0.002701</td>\n",
       "      <td>0.138557</td>\n",
       "      <td>0.016772</td>\n",
       "    </tr>\n",
       "    <tr>\n",
       "      <th>bedrooms</th>\n",
       "      <td>0.001150</td>\n",
       "      <td>1.000000</td>\n",
       "      <td>0.514508</td>\n",
       "      <td>0.578212</td>\n",
       "      <td>0.032471</td>\n",
       "      <td>0.177944</td>\n",
       "      <td>0.006834</td>\n",
       "      <td>0.080008</td>\n",
       "      <td>0.026496</td>\n",
       "      <td>0.356563</td>\n",
       "      <td>0.479386</td>\n",
       "      <td>0.302808</td>\n",
       "      <td>0.155670</td>\n",
       "      <td>0.018389</td>\n",
       "      <td>0.154092</td>\n",
       "      <td>0.009951</td>\n",
       "      <td>0.132054</td>\n",
       "      <td>0.393406</td>\n",
       "      <td>0.030690</td>\n",
       "      <td>0.308787</td>\n",
       "    </tr>\n",
       "    <tr>\n",
       "      <th>bathrooms</th>\n",
       "      <td>0.005162</td>\n",
       "      <td>0.514508</td>\n",
       "      <td>1.000000</td>\n",
       "      <td>0.755758</td>\n",
       "      <td>0.088373</td>\n",
       "      <td>0.502582</td>\n",
       "      <td>0.063744</td>\n",
       "      <td>0.188386</td>\n",
       "      <td>0.126479</td>\n",
       "      <td>0.665838</td>\n",
       "      <td>0.686668</td>\n",
       "      <td>0.283440</td>\n",
       "      <td>0.507173</td>\n",
       "      <td>0.050544</td>\n",
       "      <td>0.204786</td>\n",
       "      <td>0.024280</td>\n",
       "      <td>0.224903</td>\n",
       "      <td>0.569884</td>\n",
       "      <td>0.088303</td>\n",
       "      <td>0.525906</td>\n",
       "    </tr>\n",
       "    <tr>\n",
       "      <th>sqft_living</th>\n",
       "      <td>0.012241</td>\n",
       "      <td>0.578212</td>\n",
       "      <td>0.755758</td>\n",
       "      <td>1.000000</td>\n",
       "      <td>0.173453</td>\n",
       "      <td>0.353953</td>\n",
       "      <td>0.103854</td>\n",
       "      <td>0.284709</td>\n",
       "      <td>0.059445</td>\n",
       "      <td>0.762779</td>\n",
       "      <td>0.876448</td>\n",
       "      <td>0.435130</td>\n",
       "      <td>0.318152</td>\n",
       "      <td>0.055308</td>\n",
       "      <td>0.199802</td>\n",
       "      <td>0.052155</td>\n",
       "      <td>0.241214</td>\n",
       "      <td>0.756402</td>\n",
       "      <td>0.184342</td>\n",
       "      <td>0.701917</td>\n",
       "    </tr>\n",
       "    <tr>\n",
       "      <th>sqft_lot</th>\n",
       "      <td>0.131911</td>\n",
       "      <td>0.032471</td>\n",
       "      <td>0.088373</td>\n",
       "      <td>0.173453</td>\n",
       "      <td>1.000000</td>\n",
       "      <td>0.004814</td>\n",
       "      <td>0.021632</td>\n",
       "      <td>0.074900</td>\n",
       "      <td>0.008830</td>\n",
       "      <td>0.114731</td>\n",
       "      <td>0.184139</td>\n",
       "      <td>0.015418</td>\n",
       "      <td>0.052946</td>\n",
       "      <td>0.007686</td>\n",
       "      <td>0.129586</td>\n",
       "      <td>0.085514</td>\n",
       "      <td>0.230227</td>\n",
       "      <td>0.144763</td>\n",
       "      <td>0.718204</td>\n",
       "      <td>0.089876</td>\n",
       "    </tr>\n",
       "    <tr>\n",
       "      <th>floors</th>\n",
       "      <td>0.018608</td>\n",
       "      <td>0.177944</td>\n",
       "      <td>0.502582</td>\n",
       "      <td>0.353953</td>\n",
       "      <td>0.004814</td>\n",
       "      <td>1.000000</td>\n",
       "      <td>0.023755</td>\n",
       "      <td>0.028814</td>\n",
       "      <td>0.264075</td>\n",
       "      <td>0.458794</td>\n",
       "      <td>0.523989</td>\n",
       "      <td>0.245715</td>\n",
       "      <td>0.489193</td>\n",
       "      <td>0.006427</td>\n",
       "      <td>0.059541</td>\n",
       "      <td>0.049239</td>\n",
       "      <td>0.125943</td>\n",
       "      <td>0.280102</td>\n",
       "      <td>0.010722</td>\n",
       "      <td>0.256804</td>\n",
       "    </tr>\n",
       "    <tr>\n",
       "      <th>waterfront</th>\n",
       "      <td>0.002727</td>\n",
       "      <td>0.006834</td>\n",
       "      <td>0.063744</td>\n",
       "      <td>0.103854</td>\n",
       "      <td>0.021632</td>\n",
       "      <td>0.023755</td>\n",
       "      <td>1.000000</td>\n",
       "      <td>0.401971</td>\n",
       "      <td>0.016611</td>\n",
       "      <td>0.082888</td>\n",
       "      <td>0.072109</td>\n",
       "      <td>0.080559</td>\n",
       "      <td>0.026153</td>\n",
       "      <td>0.092873</td>\n",
       "      <td>0.030272</td>\n",
       "      <td>0.014306</td>\n",
       "      <td>0.041904</td>\n",
       "      <td>0.086507</td>\n",
       "      <td>0.030781</td>\n",
       "      <td>0.266398</td>\n",
       "    </tr>\n",
       "    <tr>\n",
       "      <th>view</th>\n",
       "      <td>0.011536</td>\n",
       "      <td>0.080008</td>\n",
       "      <td>0.188386</td>\n",
       "      <td>0.284709</td>\n",
       "      <td>0.074900</td>\n",
       "      <td>0.028814</td>\n",
       "      <td>0.401971</td>\n",
       "      <td>1.000000</td>\n",
       "      <td>0.045999</td>\n",
       "      <td>0.251728</td>\n",
       "      <td>0.167609</td>\n",
       "      <td>0.277078</td>\n",
       "      <td>0.053636</td>\n",
       "      <td>0.103951</td>\n",
       "      <td>0.084622</td>\n",
       "      <td>0.005871</td>\n",
       "      <td>0.078107</td>\n",
       "      <td>0.280681</td>\n",
       "      <td>0.072904</td>\n",
       "      <td>0.397370</td>\n",
       "    </tr>\n",
       "    <tr>\n",
       "      <th>condition</th>\n",
       "      <td>0.023803</td>\n",
       "      <td>0.026496</td>\n",
       "      <td>0.126479</td>\n",
       "      <td>0.059445</td>\n",
       "      <td>0.008830</td>\n",
       "      <td>0.264075</td>\n",
       "      <td>0.016611</td>\n",
       "      <td>0.045999</td>\n",
       "      <td>1.000000</td>\n",
       "      <td>0.146896</td>\n",
       "      <td>0.158904</td>\n",
       "      <td>0.173849</td>\n",
       "      <td>0.361592</td>\n",
       "      <td>0.060788</td>\n",
       "      <td>0.002888</td>\n",
       "      <td>0.015102</td>\n",
       "      <td>0.105877</td>\n",
       "      <td>0.093072</td>\n",
       "      <td>0.003126</td>\n",
       "      <td>0.036056</td>\n",
       "    </tr>\n",
       "    <tr>\n",
       "      <th>grade</th>\n",
       "      <td>0.008188</td>\n",
       "      <td>0.356563</td>\n",
       "      <td>0.665838</td>\n",
       "      <td>0.762779</td>\n",
       "      <td>0.114731</td>\n",
       "      <td>0.458794</td>\n",
       "      <td>0.082888</td>\n",
       "      <td>0.251728</td>\n",
       "      <td>0.146896</td>\n",
       "      <td>1.000000</td>\n",
       "      <td>0.756073</td>\n",
       "      <td>0.168220</td>\n",
       "      <td>0.447865</td>\n",
       "      <td>0.014261</td>\n",
       "      <td>0.185771</td>\n",
       "      <td>0.113575</td>\n",
       "      <td>0.200341</td>\n",
       "      <td>0.713867</td>\n",
       "      <td>0.120981</td>\n",
       "      <td>0.667951</td>\n",
       "    </tr>\n",
       "    <tr>\n",
       "      <th>sqft_above</th>\n",
       "      <td>0.010799</td>\n",
       "      <td>0.479386</td>\n",
       "      <td>0.686668</td>\n",
       "      <td>0.876448</td>\n",
       "      <td>0.184139</td>\n",
       "      <td>0.523989</td>\n",
       "      <td>0.072109</td>\n",
       "      <td>0.167609</td>\n",
       "      <td>0.158904</td>\n",
       "      <td>0.756073</td>\n",
       "      <td>1.000000</td>\n",
       "      <td>0.052156</td>\n",
       "      <td>0.424037</td>\n",
       "      <td>0.023251</td>\n",
       "      <td>0.261570</td>\n",
       "      <td>0.001199</td>\n",
       "      <td>0.344842</td>\n",
       "      <td>0.731767</td>\n",
       "      <td>0.195077</td>\n",
       "      <td>0.605368</td>\n",
       "    </tr>\n",
       "    <tr>\n",
       "      <th>sqft_basement</th>\n",
       "      <td>0.005193</td>\n",
       "      <td>0.302808</td>\n",
       "      <td>0.283440</td>\n",
       "      <td>0.435130</td>\n",
       "      <td>0.015418</td>\n",
       "      <td>0.245715</td>\n",
       "      <td>0.080559</td>\n",
       "      <td>0.277078</td>\n",
       "      <td>0.173849</td>\n",
       "      <td>0.168220</td>\n",
       "      <td>0.052156</td>\n",
       "      <td>1.000000</td>\n",
       "      <td>0.133064</td>\n",
       "      <td>0.071233</td>\n",
       "      <td>0.074725</td>\n",
       "      <td>0.110414</td>\n",
       "      <td>0.144546</td>\n",
       "      <td>0.200443</td>\n",
       "      <td>0.017550</td>\n",
       "      <td>0.323799</td>\n",
       "    </tr>\n",
       "    <tr>\n",
       "      <th>yr_built</th>\n",
       "      <td>0.021617</td>\n",
       "      <td>0.155670</td>\n",
       "      <td>0.507173</td>\n",
       "      <td>0.318152</td>\n",
       "      <td>0.052946</td>\n",
       "      <td>0.489193</td>\n",
       "      <td>0.026153</td>\n",
       "      <td>0.053636</td>\n",
       "      <td>0.361592</td>\n",
       "      <td>0.447865</td>\n",
       "      <td>0.424037</td>\n",
       "      <td>0.133064</td>\n",
       "      <td>1.000000</td>\n",
       "      <td>0.224907</td>\n",
       "      <td>0.347210</td>\n",
       "      <td>0.148370</td>\n",
       "      <td>0.409993</td>\n",
       "      <td>0.326377</td>\n",
       "      <td>0.070777</td>\n",
       "      <td>0.053953</td>\n",
       "    </tr>\n",
       "    <tr>\n",
       "      <th>yr_renovated</th>\n",
       "      <td>0.016925</td>\n",
       "      <td>0.018389</td>\n",
       "      <td>0.050544</td>\n",
       "      <td>0.055308</td>\n",
       "      <td>0.007686</td>\n",
       "      <td>0.006427</td>\n",
       "      <td>0.092873</td>\n",
       "      <td>0.103951</td>\n",
       "      <td>0.060788</td>\n",
       "      <td>0.014261</td>\n",
       "      <td>0.023251</td>\n",
       "      <td>0.071233</td>\n",
       "      <td>0.224907</td>\n",
       "      <td>1.000000</td>\n",
       "      <td>0.064325</td>\n",
       "      <td>0.029350</td>\n",
       "      <td>0.068321</td>\n",
       "      <td>0.002695</td>\n",
       "      <td>0.007944</td>\n",
       "      <td>0.126424</td>\n",
       "    </tr>\n",
       "    <tr>\n",
       "      <th>zipcode</th>\n",
       "      <td>0.008211</td>\n",
       "      <td>0.154092</td>\n",
       "      <td>0.204786</td>\n",
       "      <td>0.199802</td>\n",
       "      <td>0.129586</td>\n",
       "      <td>0.059541</td>\n",
       "      <td>0.030272</td>\n",
       "      <td>0.084622</td>\n",
       "      <td>0.002888</td>\n",
       "      <td>0.185771</td>\n",
       "      <td>0.261570</td>\n",
       "      <td>0.074725</td>\n",
       "      <td>0.347210</td>\n",
       "      <td>0.064325</td>\n",
       "      <td>1.000000</td>\n",
       "      <td>0.266742</td>\n",
       "      <td>0.564259</td>\n",
       "      <td>0.279299</td>\n",
       "      <td>0.147294</td>\n",
       "      <td>0.053402</td>\n",
       "    </tr>\n",
       "    <tr>\n",
       "      <th>lat</th>\n",
       "      <td>0.001798</td>\n",
       "      <td>0.009951</td>\n",
       "      <td>0.024280</td>\n",
       "      <td>0.052155</td>\n",
       "      <td>0.085514</td>\n",
       "      <td>0.049239</td>\n",
       "      <td>0.014306</td>\n",
       "      <td>0.005871</td>\n",
       "      <td>0.015102</td>\n",
       "      <td>0.113575</td>\n",
       "      <td>0.001199</td>\n",
       "      <td>0.110414</td>\n",
       "      <td>0.148370</td>\n",
       "      <td>0.029350</td>\n",
       "      <td>0.266742</td>\n",
       "      <td>1.000000</td>\n",
       "      <td>0.135371</td>\n",
       "      <td>0.048679</td>\n",
       "      <td>0.086139</td>\n",
       "      <td>0.306692</td>\n",
       "    </tr>\n",
       "    <tr>\n",
       "      <th>long</th>\n",
       "      <td>0.020672</td>\n",
       "      <td>0.132054</td>\n",
       "      <td>0.224903</td>\n",
       "      <td>0.241214</td>\n",
       "      <td>0.230227</td>\n",
       "      <td>0.125943</td>\n",
       "      <td>0.041904</td>\n",
       "      <td>0.078107</td>\n",
       "      <td>0.105877</td>\n",
       "      <td>0.200341</td>\n",
       "      <td>0.344842</td>\n",
       "      <td>0.144546</td>\n",
       "      <td>0.409993</td>\n",
       "      <td>0.068321</td>\n",
       "      <td>0.564259</td>\n",
       "      <td>0.135371</td>\n",
       "      <td>1.000000</td>\n",
       "      <td>0.335626</td>\n",
       "      <td>0.255586</td>\n",
       "      <td>0.022036</td>\n",
       "    </tr>\n",
       "    <tr>\n",
       "      <th>sqft_living15</th>\n",
       "      <td>0.002701</td>\n",
       "      <td>0.393406</td>\n",
       "      <td>0.569884</td>\n",
       "      <td>0.756402</td>\n",
       "      <td>0.144763</td>\n",
       "      <td>0.280102</td>\n",
       "      <td>0.086507</td>\n",
       "      <td>0.280681</td>\n",
       "      <td>0.093072</td>\n",
       "      <td>0.713867</td>\n",
       "      <td>0.731767</td>\n",
       "      <td>0.200443</td>\n",
       "      <td>0.326377</td>\n",
       "      <td>0.002695</td>\n",
       "      <td>0.279299</td>\n",
       "      <td>0.048679</td>\n",
       "      <td>0.335626</td>\n",
       "      <td>1.000000</td>\n",
       "      <td>0.183515</td>\n",
       "      <td>0.585241</td>\n",
       "    </tr>\n",
       "    <tr>\n",
       "      <th>sqft_lot15</th>\n",
       "      <td>0.138557</td>\n",
       "      <td>0.030690</td>\n",
       "      <td>0.088303</td>\n",
       "      <td>0.184342</td>\n",
       "      <td>0.718204</td>\n",
       "      <td>0.010722</td>\n",
       "      <td>0.030781</td>\n",
       "      <td>0.072904</td>\n",
       "      <td>0.003126</td>\n",
       "      <td>0.120981</td>\n",
       "      <td>0.195077</td>\n",
       "      <td>0.017550</td>\n",
       "      <td>0.070777</td>\n",
       "      <td>0.007944</td>\n",
       "      <td>0.147294</td>\n",
       "      <td>0.086139</td>\n",
       "      <td>0.255586</td>\n",
       "      <td>0.183515</td>\n",
       "      <td>1.000000</td>\n",
       "      <td>0.082845</td>\n",
       "    </tr>\n",
       "    <tr>\n",
       "      <th>price</th>\n",
       "      <td>0.016772</td>\n",
       "      <td>0.308787</td>\n",
       "      <td>0.525906</td>\n",
       "      <td>0.701917</td>\n",
       "      <td>0.089876</td>\n",
       "      <td>0.256804</td>\n",
       "      <td>0.266398</td>\n",
       "      <td>0.397370</td>\n",
       "      <td>0.036056</td>\n",
       "      <td>0.667951</td>\n",
       "      <td>0.605368</td>\n",
       "      <td>0.323799</td>\n",
       "      <td>0.053953</td>\n",
       "      <td>0.126424</td>\n",
       "      <td>0.053402</td>\n",
       "      <td>0.306692</td>\n",
       "      <td>0.022036</td>\n",
       "      <td>0.585241</td>\n",
       "      <td>0.082845</td>\n",
       "      <td>1.000000</td>\n",
       "    </tr>\n",
       "  </tbody>\n",
       "</table>\n",
       "</div>"
      ],
      "text/plain": [
       "                     id  bedrooms  bathrooms  sqft_living  sqft_lot    floors  \\\n",
       "id             1.000000  0.001150   0.005162     0.012241  0.131911  0.018608   \n",
       "bedrooms       0.001150  1.000000   0.514508     0.578212  0.032471  0.177944   \n",
       "bathrooms      0.005162  0.514508   1.000000     0.755758  0.088373  0.502582   \n",
       "sqft_living    0.012241  0.578212   0.755758     1.000000  0.173453  0.353953   \n",
       "sqft_lot       0.131911  0.032471   0.088373     0.173453  1.000000  0.004814   \n",
       "floors         0.018608  0.177944   0.502582     0.353953  0.004814  1.000000   \n",
       "waterfront     0.002727  0.006834   0.063744     0.103854  0.021632  0.023755   \n",
       "view           0.011536  0.080008   0.188386     0.284709  0.074900  0.028814   \n",
       "condition      0.023803  0.026496   0.126479     0.059445  0.008830  0.264075   \n",
       "grade          0.008188  0.356563   0.665838     0.762779  0.114731  0.458794   \n",
       "sqft_above     0.010799  0.479386   0.686668     0.876448  0.184139  0.523989   \n",
       "sqft_basement  0.005193  0.302808   0.283440     0.435130  0.015418  0.245715   \n",
       "yr_built       0.021617  0.155670   0.507173     0.318152  0.052946  0.489193   \n",
       "yr_renovated   0.016925  0.018389   0.050544     0.055308  0.007686  0.006427   \n",
       "zipcode        0.008211  0.154092   0.204786     0.199802  0.129586  0.059541   \n",
       "lat            0.001798  0.009951   0.024280     0.052155  0.085514  0.049239   \n",
       "long           0.020672  0.132054   0.224903     0.241214  0.230227  0.125943   \n",
       "sqft_living15  0.002701  0.393406   0.569884     0.756402  0.144763  0.280102   \n",
       "sqft_lot15     0.138557  0.030690   0.088303     0.184342  0.718204  0.010722   \n",
       "price          0.016772  0.308787   0.525906     0.701917  0.089876  0.256804   \n",
       "\n",
       "               waterfront      view  condition     grade  sqft_above  \\\n",
       "id               0.002727  0.011536   0.023803  0.008188    0.010799   \n",
       "bedrooms         0.006834  0.080008   0.026496  0.356563    0.479386   \n",
       "bathrooms        0.063744  0.188386   0.126479  0.665838    0.686668   \n",
       "sqft_living      0.103854  0.284709   0.059445  0.762779    0.876448   \n",
       "sqft_lot         0.021632  0.074900   0.008830  0.114731    0.184139   \n",
       "floors           0.023755  0.028814   0.264075  0.458794    0.523989   \n",
       "waterfront       1.000000  0.401971   0.016611  0.082888    0.072109   \n",
       "view             0.401971  1.000000   0.045999  0.251728    0.167609   \n",
       "condition        0.016611  0.045999   1.000000  0.146896    0.158904   \n",
       "grade            0.082888  0.251728   0.146896  1.000000    0.756073   \n",
       "sqft_above       0.072109  0.167609   0.158904  0.756073    1.000000   \n",
       "sqft_basement    0.080559  0.277078   0.173849  0.168220    0.052156   \n",
       "yr_built         0.026153  0.053636   0.361592  0.447865    0.424037   \n",
       "yr_renovated     0.092873  0.103951   0.060788  0.014261    0.023251   \n",
       "zipcode          0.030272  0.084622   0.002888  0.185771    0.261570   \n",
       "lat              0.014306  0.005871   0.015102  0.113575    0.001199   \n",
       "long             0.041904  0.078107   0.105877  0.200341    0.344842   \n",
       "sqft_living15    0.086507  0.280681   0.093072  0.713867    0.731767   \n",
       "sqft_lot15       0.030781  0.072904   0.003126  0.120981    0.195077   \n",
       "price            0.266398  0.397370   0.036056  0.667951    0.605368   \n",
       "\n",
       "               sqft_basement  yr_built  yr_renovated   zipcode       lat  \\\n",
       "id                  0.005193  0.021617      0.016925  0.008211  0.001798   \n",
       "bedrooms            0.302808  0.155670      0.018389  0.154092  0.009951   \n",
       "bathrooms           0.283440  0.507173      0.050544  0.204786  0.024280   \n",
       "sqft_living         0.435130  0.318152      0.055308  0.199802  0.052155   \n",
       "sqft_lot            0.015418  0.052946      0.007686  0.129586  0.085514   \n",
       "floors              0.245715  0.489193      0.006427  0.059541  0.049239   \n",
       "waterfront          0.080559  0.026153      0.092873  0.030272  0.014306   \n",
       "view                0.277078  0.053636      0.103951  0.084622  0.005871   \n",
       "condition           0.173849  0.361592      0.060788  0.002888  0.015102   \n",
       "grade               0.168220  0.447865      0.014261  0.185771  0.113575   \n",
       "sqft_above          0.052156  0.424037      0.023251  0.261570  0.001199   \n",
       "sqft_basement       1.000000  0.133064      0.071233  0.074725  0.110414   \n",
       "yr_built            0.133064  1.000000      0.224907  0.347210  0.148370   \n",
       "yr_renovated        0.071233  0.224907      1.000000  0.064325  0.029350   \n",
       "zipcode             0.074725  0.347210      0.064325  1.000000  0.266742   \n",
       "lat                 0.110414  0.148370      0.029350  0.266742  1.000000   \n",
       "long                0.144546  0.409993      0.068321  0.564259  0.135371   \n",
       "sqft_living15       0.200443  0.326377      0.002695  0.279299  0.048679   \n",
       "sqft_lot15          0.017550  0.070777      0.007944  0.147294  0.086139   \n",
       "price               0.323799  0.053953      0.126424  0.053402  0.306692   \n",
       "\n",
       "                   long  sqft_living15  sqft_lot15     price  \n",
       "id             0.020672       0.002701    0.138557  0.016772  \n",
       "bedrooms       0.132054       0.393406    0.030690  0.308787  \n",
       "bathrooms      0.224903       0.569884    0.088303  0.525906  \n",
       "sqft_living    0.241214       0.756402    0.184342  0.701917  \n",
       "sqft_lot       0.230227       0.144763    0.718204  0.089876  \n",
       "floors         0.125943       0.280102    0.010722  0.256804  \n",
       "waterfront     0.041904       0.086507    0.030781  0.266398  \n",
       "view           0.078107       0.280681    0.072904  0.397370  \n",
       "condition      0.105877       0.093072    0.003126  0.036056  \n",
       "grade          0.200341       0.713867    0.120981  0.667951  \n",
       "sqft_above     0.344842       0.731767    0.195077  0.605368  \n",
       "sqft_basement  0.144546       0.200443    0.017550  0.323799  \n",
       "yr_built       0.409993       0.326377    0.070777  0.053953  \n",
       "yr_renovated   0.068321       0.002695    0.007944  0.126424  \n",
       "zipcode        0.564259       0.279299    0.147294  0.053402  \n",
       "lat            0.135371       0.048679    0.086139  0.306692  \n",
       "long           1.000000       0.335626    0.255586  0.022036  \n",
       "sqft_living15  0.335626       1.000000    0.183515  0.585241  \n",
       "sqft_lot15     0.255586       0.183515    1.000000  0.082845  \n",
       "price          0.022036       0.585241    0.082845  1.000000  "
      ]
     },
     "execution_count": 5,
     "metadata": {},
     "output_type": "execute_result"
    }
   ],
   "source": [
    "corr_matrix"
   ]
  },
  {
   "cell_type": "code",
   "execution_count": 6,
   "id": "0b85165f",
   "metadata": {},
   "outputs": [],
   "source": [
    "price_impact = corr_matrix['price']"
   ]
  },
  {
   "cell_type": "code",
   "execution_count": 7,
   "id": "068d82ed",
   "metadata": {},
   "outputs": [
    {
     "data": {
      "text/plain": [
       "id               0.016772\n",
       "bedrooms         0.308787\n",
       "bathrooms        0.525906\n",
       "sqft_living      0.701917\n",
       "sqft_lot         0.089876\n",
       "floors           0.256804\n",
       "waterfront       0.266398\n",
       "view             0.397370\n",
       "condition        0.036056\n",
       "grade            0.667951\n",
       "sqft_above       0.605368\n",
       "sqft_basement    0.323799\n",
       "yr_built         0.053953\n",
       "yr_renovated     0.126424\n",
       "zipcode          0.053402\n",
       "lat              0.306692\n",
       "long             0.022036\n",
       "sqft_living15    0.585241\n",
       "sqft_lot15       0.082845\n",
       "price            1.000000\n",
       "Name: price, dtype: float64"
      ]
     },
     "execution_count": 7,
     "metadata": {},
     "output_type": "execute_result"
    }
   ],
   "source": [
    "price_impact"
   ]
  },
  {
   "cell_type": "code",
   "execution_count": 8,
   "id": "0b1cc8d1",
   "metadata": {},
   "outputs": [],
   "source": [
    "df = df.drop(columns = ['id', 'long', 'sqft_above'])"
   ]
  },
  {
   "cell_type": "code",
   "execution_count": 9,
   "id": "9d8bc031",
   "metadata": {},
   "outputs": [
    {
     "data": {
      "text/plain": [
       "(21597, 18)"
      ]
     },
     "execution_count": 9,
     "metadata": {},
     "output_type": "execute_result"
    }
   ],
   "source": [
    "df.shape"
   ]
  },
  {
   "cell_type": "markdown",
   "id": "594bef25",
   "metadata": {},
   "source": [
    "## 1 Feature engineering"
   ]
  },
  {
   "cell_type": "code",
   "execution_count": 10,
   "id": "ad4ce204",
   "metadata": {},
   "outputs": [
    {
     "data": {
      "text/plain": [
       "Timestamp('2014-12-09 00:00:00')"
      ]
     },
     "execution_count": 10,
     "metadata": {},
     "output_type": "execute_result"
    }
   ],
   "source": [
    "# get a sample to check the format of datetime\n",
    "\n",
    "df['date'][1]"
   ]
  },
  {
   "cell_type": "code",
   "execution_count": 11,
   "id": "04b2c6d5",
   "metadata": {},
   "outputs": [],
   "source": [
    "df['month'] = pd.DatetimeIndex(df['date']).month # extracting month"
   ]
  },
  {
   "cell_type": "code",
   "execution_count": 12,
   "id": "6776083c",
   "metadata": {},
   "outputs": [],
   "source": [
    "# define a function to check if there is a season spike in prices\n",
    "\n",
    "def season(x):\n",
    "    if x < 4:\n",
    "        return 'winter'\n",
    "    elif x < 10:\n",
    "        return 'summer'\n",
    "    else:\n",
    "        return 'winter'"
   ]
  },
  {
   "cell_type": "code",
   "execution_count": 13,
   "id": "07d90f0d",
   "metadata": {},
   "outputs": [],
   "source": [
    "df['season'] = df['month'].apply(season)"
   ]
  },
  {
   "cell_type": "code",
   "execution_count": 14,
   "id": "e4f201ab",
   "metadata": {},
   "outputs": [],
   "source": [
    "df = df.drop(columns = ['date','month'])"
   ]
  },
  {
   "cell_type": "code",
   "execution_count": 15,
   "id": "09c34e03",
   "metadata": {},
   "outputs": [
    {
     "data": {
      "text/html": [
       "<div>\n",
       "<style scoped>\n",
       "    .dataframe tbody tr th:only-of-type {\n",
       "        vertical-align: middle;\n",
       "    }\n",
       "\n",
       "    .dataframe tbody tr th {\n",
       "        vertical-align: top;\n",
       "    }\n",
       "\n",
       "    .dataframe thead th {\n",
       "        text-align: right;\n",
       "    }\n",
       "</style>\n",
       "<table border=\"1\" class=\"dataframe\">\n",
       "  <thead>\n",
       "    <tr style=\"text-align: right;\">\n",
       "      <th></th>\n",
       "      <th>bedrooms</th>\n",
       "      <th>bathrooms</th>\n",
       "      <th>sqft_living</th>\n",
       "      <th>sqft_lot</th>\n",
       "      <th>floors</th>\n",
       "      <th>waterfront</th>\n",
       "      <th>view</th>\n",
       "      <th>condition</th>\n",
       "      <th>grade</th>\n",
       "      <th>sqft_basement</th>\n",
       "      <th>yr_built</th>\n",
       "      <th>yr_renovated</th>\n",
       "      <th>zipcode</th>\n",
       "      <th>lat</th>\n",
       "      <th>sqft_living15</th>\n",
       "      <th>sqft_lot15</th>\n",
       "      <th>price</th>\n",
       "      <th>season</th>\n",
       "    </tr>\n",
       "  </thead>\n",
       "  <tbody>\n",
       "    <tr>\n",
       "      <th>0</th>\n",
       "      <td>3</td>\n",
       "      <td>1.00</td>\n",
       "      <td>1180</td>\n",
       "      <td>5650</td>\n",
       "      <td>1.0</td>\n",
       "      <td>0</td>\n",
       "      <td>0</td>\n",
       "      <td>3</td>\n",
       "      <td>7</td>\n",
       "      <td>0</td>\n",
       "      <td>1955</td>\n",
       "      <td>0</td>\n",
       "      <td>98178</td>\n",
       "      <td>47.5112</td>\n",
       "      <td>1340</td>\n",
       "      <td>5650</td>\n",
       "      <td>221900</td>\n",
       "      <td>winter</td>\n",
       "    </tr>\n",
       "    <tr>\n",
       "      <th>1</th>\n",
       "      <td>3</td>\n",
       "      <td>2.25</td>\n",
       "      <td>2570</td>\n",
       "      <td>7242</td>\n",
       "      <td>2.0</td>\n",
       "      <td>0</td>\n",
       "      <td>0</td>\n",
       "      <td>3</td>\n",
       "      <td>7</td>\n",
       "      <td>400</td>\n",
       "      <td>1951</td>\n",
       "      <td>1991</td>\n",
       "      <td>98125</td>\n",
       "      <td>47.7210</td>\n",
       "      <td>1690</td>\n",
       "      <td>7639</td>\n",
       "      <td>538000</td>\n",
       "      <td>winter</td>\n",
       "    </tr>\n",
       "    <tr>\n",
       "      <th>2</th>\n",
       "      <td>2</td>\n",
       "      <td>1.00</td>\n",
       "      <td>770</td>\n",
       "      <td>10000</td>\n",
       "      <td>1.0</td>\n",
       "      <td>0</td>\n",
       "      <td>0</td>\n",
       "      <td>3</td>\n",
       "      <td>6</td>\n",
       "      <td>0</td>\n",
       "      <td>1933</td>\n",
       "      <td>0</td>\n",
       "      <td>98028</td>\n",
       "      <td>47.7379</td>\n",
       "      <td>2720</td>\n",
       "      <td>8062</td>\n",
       "      <td>180000</td>\n",
       "      <td>winter</td>\n",
       "    </tr>\n",
       "    <tr>\n",
       "      <th>3</th>\n",
       "      <td>4</td>\n",
       "      <td>3.00</td>\n",
       "      <td>1960</td>\n",
       "      <td>5000</td>\n",
       "      <td>1.0</td>\n",
       "      <td>0</td>\n",
       "      <td>0</td>\n",
       "      <td>5</td>\n",
       "      <td>7</td>\n",
       "      <td>910</td>\n",
       "      <td>1965</td>\n",
       "      <td>0</td>\n",
       "      <td>98136</td>\n",
       "      <td>47.5208</td>\n",
